1 0.9409
2 1.1992
3 1.33316
4 1.41124
5 1.46135
6 1.49584
7 1.51933
8 1.53687
9 1.55018
10 1.56083
11 1.56889
12 1.57554
13 1.57994
14 1.58279
15 1.58433
16 1.58489
17 1.58463
18 1.58416
19 1.58415
20 1.58342
21 1.58227
22 1.58066
23 1.57953
24 1.57802
25 1.57665
26 1.57539
27 1.57382
28 1.57323
29 1.5741
30 1.57612
31 1.5773
32 1.57878
33 1.57998
34 1.58075
35 1.58202
36 1.58251
37 1.58383
38 1.58644
39 1.5902
40 1.59573
41 1.60017
42 1.6017
43 1.60266
44 1.60576
45 1.61181
46 1.61794
47 1.62371
48 1.62391
49 1.6202
