100 2.5946
200 2.5847
300 2.5886
400 2.7249
500 2.6896
600 2.7610
700 2.8168
800 2.7906
900 2.9440
1000 2.9996
1100 3.0553
1200 3.1400
1300 3.1713
1400 3.1780
1500 3.2787
1600 3.2786
1700 3.2913
1800 3.3743
1900 3.3022
2000 3.2914
2100 3.3887
2200 3.4233
2300 3.4572
2400 3.5644
2500 3.5118
2600 3.5069
2700 3.5543
2800 3.6615
2900 3.6998
3000 3.6901
3100 3.8289
3200 3.8903
3300 3.8710
3400 3.8329
3500 3.8636
3600 3.8748
3700 3.9297
3800 3.8588
3900 3.9251
4000 3.9995
4100 4.0867
4200 4.1082
4300 4.1546
4400 4.1492
4500 4.0793
4600 4.2447
4700 4.3559
4800 4.3982
4900 4.2534
5000 4.2827
5100 4.3882
5200 4.3718
5300 4.4246
5400 4.5029
5500 4.5356
5600 4.4336
5700 4.4461
5800 4.4438
5900 4.5643
6000 4.5665
6100 4.6778
6200 4.6444
6300 4.6111
6400 4.6212
6500 4.6811
6600 4.6629
6700 4.8257
6800 4.8581
6900 4.5986
7000 4.7783
7100 4.9251
7200 4.8643
7300 4.8926
7400 4.8401
7500 5.0230
7600 5.2480
7700 5.2360
7800 5.2691
7900 5.2540
8000 5.1802
8100 5.1875
8200 5.1972
8300 5.3065
8400 5.2215
8500 5.0855
8600 5.1784
8700 5.3401
8800 5.4610
8900 5.1710
9000 5.3847
9100 5.2858
9200 5.3876
9300 5.3524
9400 5.3805
9500 5.4471
9600 5.4858
9700 5.4747
9800 5.4335
9900 5.5738
10000 5.5009
10100 5.5589
10200 5.5471
10300 5.5246
10400 5.5870
10500 5.5442
10600 5.8057
10700 5.7480
10800 5.8266
10900 5.7558
11000 5.7481
11100 5.8015
11200 5.7739
11300 5.7639
11400 5.9569
11500 5.9504
11600 5.9263
11700 5.9396
11800 6.0201
11900 5.9664
12000 5.8665
12100 5.9535
12200 6.1270
12300 5.9921
12400 5.9577
12500 6.1726
12600 6.0651
12700 6.2305
12800 6.1543
12900 6.1508
13000 6.1352
13100 6.1293
13200 6.1635
13300 6.1081
13400 6.2501
13500 6.2592
13600 6.2234
13700 6.2250
13800 6.2798
13900 6.3369
14000 6.3518
14100 6.2085
14200 6.3944
14300 6.4126
14400 6.4542
14500 6.4628
14600 6.3097
14700 6.2700
14800 6.3943
14900 6.4330
15000 6.3429
15100 6.3336
15200 6.3976
15300 6.4094
15400 6.4805
15500 6.5083
15600 6.4603
15700 6.5585
15800 6.6428
15900 6.6067
16000 6.6935
16100 6.5160
16200 6.4516
16300 6.6350
16400 6.5932
16500 6.7661
16600 6.7141
16700 6.5731
16800 6.6555
16900 6.6659
17000 6.6248
17100 6.8823
17200 6.6687
17300 6.8037
17400 6.7879
17500 6.6600
17600 6.8104
17700 6.8373
17800 6.7289
17900 6.7612
18000 7.0310
18100 6.8928
18200 6.8016
18300 7.1883
18400 6.9789
18500 6.8909
18600 6.8873
18700 6.8920
18800 6.9159
18900 7.0258
19000 7.0390
19100 6.9718
19200 6.9194
19300 6.9788
19400 6.9926
19500 7.0739
19600 6.9656
19700 7.0288
19800 6.9922
19900 6.9658
20000 7.0187
20100 6.9893
20200 7.0039
20300 7.0541
20400 6.9510
20500 7.1506
20600 7.0743
20700 7.1699
20800 7.2473
20900 7.2818
21000 7.0009
21100 7.0131
21200 7.0141
21300 6.9718
21400 6.9763
21500 7.1090
21600 6.9992
21700 7.1928
21800 7.0453
21900 7.0336
22000 7.2237
22100 6.9774
22200 6.9840
22300 7.1564
22400 6.9631
22500 7.0445
22600 7.0988
22700 6.9126
22800 7.0765
22900 6.9032
23000 7.1376
23100 7.1228
23200 7.1102
23300 7.1299
23400 6.9998
23500 7.0961
23600 7.1438
23700 7.2795
23800 7.0692
23900 7.1154
24000 7.3205
24100 7.1409
24200 7.2752
24300 7.1109
24400 7.3718
24500 7.2958
24600 7.2732
24700 7.1185
24800 7.2980
24900 7.1845
25000 7.4409
25100 7.3574
25200 7.0969
25300 7.1895
25400 7.2036
25500 7.3601
25600 7.4800
25700 7.3611
25800 7.4101
25900 7.4612
26000 7.3566
26100 7.5116
26200 7.1811
26300 7.2676
26400 7.3540
26500 7.2576
26600 7.1332
26700 7.4689
26800 7.3275
26900 7.1596
27000 7.3250
27100 7.5518
27200 7.6445
27300 7.7120
27400 7.6933
27500 7.4780
27600 7.6459
27700 7.7075
27800 7.6013
27900 7.5541
28000 7.6050
28100 7.4565
28200 7.3557
28300 7.4170
28400 7.5047
28500 7.5220
28600 7.3343
28700 7.4380
28800 7.5271
28900 7.4693
29000 7.4770
29100 7.4144
29200 7.5362
29300 7.7169
29400 7.5847
29500 7.3654
29600 7.4517
29700 7.6816
29800 7.5777
29900 7.3798
30000 7.6943
30100 7.5463
30200 7.7147
30300 7.6155
30400 7.6080
30500 7.5376
30600 7.5918
30700 7.5697
30800 7.4932
30900 7.6975
31000 7.6209
31100 7.4689
31200 7.6263
31300 7.3777
31400 7.6439
31500 7.8048
31600 7.5525
31700 7.7140
31800 7.6796
31900 7.8114
32000 7.7553
32100 7.4105
32200 7.5169
32300 7.3661
32400 7.6056
32500 7.6224
32600 7.5771
32700 7.7173
32800 7.7484
32900 7.6320
33000 7.8269
33100 7.7868
33200 7.6937
33300 7.7755
33400 7.7648
33500 7.8175
33600 7.9846
33700 7.7740
33800 7.6717
33900 7.6344
34000 7.6815
34100 7.6412
34200 7.6718
34300 7.6655
34400 7.8302
34500 7.9228
34600 7.7875
34700 7.5339
34800 7.8801
34900 7.6387
35000 7.7293
35100 7.7525
35200 7.7449
35300 7.8625
35400 7.8360
35500 7.9882
35600 7.8186
35700 7.6816
35800 7.7992
35900 7.6599
36000 7.6759
36100 7.8082
36200 7.9709
36300 7.9438
36400 7.5575
36500 7.6952
36600 7.7446
36700 7.8685
36800 7.7576
36900 7.5851
37000 7.8097
37100 7.8474
37200 7.9151
37300 7.9425
37400 7.7834
37500 7.7385
37600 7.8931
37700 7.7955
37800 7.8230
37900 7.8241
38000 7.6994
38100 7.7255
38200 7.6783
38300 7.7769
38400 7.7449
38500 7.7675
38600 7.5279
38700 7.6243
38800 7.6090
38900 7.7407
39000 7.7178
39100 7.5966
39200 7.3473
39300 7.6474
39400 7.5919
39500 7.8661
39600 7.6519
39700 7.5666
39800 7.6427
39900 7.7550
40000 7.8320
40100 7.5996
40200 7.7788
40300 7.6929
40400 7.7291
40500 7.8146
40600 7.5422
40700 7.6909
40800 7.8739
40900 7.7635
41000 7.8083
41100 7.9486
41200 7.7827
41300 7.7752
41400 8.0405
41500 7.8846
41600 7.8643
41700 7.7221
41800 7.6865
41900 7.7511
42000 7.6488
42100 7.7935
42200 7.6586
42300 7.8389
42400 7.7325
42500 7.6657
42600 7.7221
42700 7.6755
42800 7.9621
42900 7.6876
43000 7.8170
43100 7.8694
43200 7.8461
43300 7.6569
43400 7.7432
43500 7.6834
43600 7.7865
43700 7.6512
43800 7.9472
43900 7.9354
44000 7.9137
44100 8.0503
44200 7.9696
44300 7.7975
44400 7.7116
44500 7.7705
44600 7.8798
44700 7.7500
44800 7.6230
44900 7.6335
45000 7.4840
45100 7.5268
45200 7.4841
45300 7.7297
45400 7.8310
45500 7.7332
45600 7.7184
45700 7.6723
45800 7.6251
45900 7.6378
46000 7.6113
46100 7.7516
46200 7.7639
46300 7.7919
46400 7.7941
46500 8.0380
46600 7.8032
46700 7.8415
46800 7.8633
46900 7.4497
47000 7.5454
47100 7.6796
47200 7.6958
47300 7.7907
47400 7.5660
47500 7.8718
47600 7.7460
47700 7.6189
47800 7.7474
47900 7.5849
48000 7.6587
48100 7.8765
48200 7.8226
48300 7.8244
48400 7.8282
48500 7.9515
48600 7.7521
48700 7.7128
48800 7.6534
48900 7.9343
49000 7.7726
49100 7.6938
49200 7.8341
49300 7.7593
49400 7.7952
49500 7.5490
49600 7.7498
49700 7.6542
49800 7.5461
49900 7.5543
50000 7.7587
50100 7.7441
50200 7.7887
50300 7.7359
50400 7.7112
50500 7.5337
50600 7.5955
50700 7.6548
50800 7.6229
50900 7.5229
51000 7.5451
51100 7.7904
51200 7.6903
51300 7.7212
51400 7.6411
51500 7.7217
51600 7.9558
51700 7.7963
51800 7.5256
51900 7.7115
52000 7.4997
52100 7.3944
52200 7.5022
52300 7.5888
52400 7.7112
52500 7.6296
52600 7.6713
52700 7.6648
52800 7.5033
52900 7.5046
53000 7.6769
53100 7.6765
53200 7.9377
53300 7.8514
53400 7.9415
53500 7.7556
53600 8.1357
53700 7.8269
53800 8.0391
53900 8.0157
54000 8.0739
54100 7.7585
54200 7.6611
54300 7.7743
54400 7.5462
54500 7.6931
54600 7.8458
54700 7.8406
54800 7.7089
54900 7.7336
55000 7.6435
55100 7.8388
55200 7.5947
55300 7.5998
55400 7.6487
55500 7.6936
55600 7.7660
55700 7.6735
55800 7.5228
55900 7.6242
56000 7.6842
56100 7.6127
56200 7.6840
56300 7.7073
56400 7.3080
56500 7.5176
56600 7.6061
56700 7.6232
56800 7.7640
56900 7.8763
57000 7.6753
57100 7.8408
57200 7.7656
57300 7.7586
57400 7.8959
57500 7.7679
57600 7.7080
57700 7.7385
57800 7.7619
57900 7.5561
58000 7.6475
58100 7.5269
58200 7.5504
58300 7.5829
58400 7.5651
58500 7.6845
58600 7.7008
58700 7.6993
58800 7.6780
58900 7.7172
59000 7.4523
59100 7.4755
59200 7.6618
59300 7.4966
59400 7.7684
59500 7.4332
59600 7.5279
59700 7.5157
59800 7.5355
59900 7.6393
60000 7.7910
60100 7.9259
60200 7.8281
60300 7.9038
60400 7.8929
60500 7.8416
60600 7.8533
60700 7.5951
60800 7.6820
60900 7.8689
61000 7.8308
61100 7.9387
61200 7.6768
61300 7.6711
61400 7.7856
61500 7.5407
61600 7.7205
61700 7.6539
61800 7.7596
61900 7.6697
62000 7.6787
62100 7.5169
62200 7.8636
62300 7.8331
62400 7.6621
62500 7.6756
62600 7.4429
62700 7.5803
62800 7.7228
62900 7.5908
63000 7.6200
63100 7.7458
63200 7.8842
63300 7.6434
63400 7.4963
63500 7.6702
63600 7.6454
63700 7.6954
63800 7.4784
63900 7.5345
64000 7.7244
64100 7.5563
64200 7.5731
64300 7.6142
64400 7.6282
64500 7.5453
64600 7.6795
64700 7.8056
64800 7.7655
64900 7.6678
65000 7.5551
65100 7.8771
65200 7.7227
65300 7.5601
65400 7.5889
65500 7.5360
65600 7.6400
65700 7.7240
65800 7.8809
65900 7.6891
66000 7.9058
66100 7.7023
66200 7.7167
66300 7.9045
66400 7.6209
66500 7.4873
66600 7.7099
66700 7.5248
66800 7.5741
66900 7.7144
67000 7.8800
67100 7.7844
67200 7.7904
67300 7.9201
67400 7.7695
67500 7.7516
67600 7.8334
67700 7.7425
67800 7.7536
67900 7.8829
68000 7.9972
68100 7.9841
68200 7.8335
68300 7.9005
68400 7.8582
68500 7.9519
68600 8.0496
68700 7.7277
68800 7.9518
68900 7.8757
69000 7.4841
69100 7.8444
69200 7.9085
69300 7.8209
69400 7.8249
69500 7.7735
69600 7.9557
69700 7.6507
69800 7.6295
69900 7.7189
70000 7.6833
70100 7.7585
70200 7.7853
70300 7.7782
70400 7.6478
70500 7.9338
70600 7.8985
70700 7.7270
70800 7.8957
70900 7.6677
71000 7.6569
71100 7.8613
71200 7.9153
71300 7.7674
71400 7.8520
71500 7.8989
71600 7.8760
71700 7.9622
71800 7.7866
71900 7.7929
72000 7.8032
72100 7.8418
72200 7.7894
72300 7.6209
72400 7.8924
72500 7.7131
72600 7.5542
72700 7.5619
72800 7.9142
72900 7.8906
73000 7.8811
73100 7.7289
73200 7.8539
73300 7.9451
73400 7.8042
73500 7.7625
73600 7.6691
73700 7.6570
73800 7.9778
73900 7.9603
74000 7.8041
74100 7.9229
74200 8.0699
74300 7.8358
74400 7.8149
74500 7.7728
74600 7.8024
74700 7.6777
74800 7.7697
74900 7.6734
75000 7.8107
75100 7.7707
75200 7.7337
75300 7.8540
75400 7.9135
75500 7.6373
75600 7.3655
75700 7.6272
75800 7.4773
75900 7.5971
76000 7.4680
76100 7.8981
76200 7.9008
76300 7.5716
76400 7.4988
76500 7.7653
76600 7.7444
76700 7.6260
76800 7.6956
76900 7.5712
77000 7.6434
77100 7.6096
77200 7.4562
77300 7.7008
77400 7.5268
77500 7.5462
77600 7.5858
77700 7.6552
77800 7.8057
77900 7.8114
78000 7.6633
78100 7.6179
78200 7.4910
78300 7.5606
78400 7.8710
78500 7.7556
78600 7.8008
78700 7.8422
78800 7.8867
78900 7.7529
79000 7.6572
79100 7.6001
79200 7.6331
79300 7.5490
79400 7.5025
79500 7.5056
79600 7.5076
79700 7.6443
79800 7.5920
79900 7.5904
80000 7.7453
80100 7.6283
80200 7.4550
80300 7.3563
80400 7.4716
80500 7.5148
80600 7.4025
80700 7.6014
80800 7.6034
80900 7.3334
81000 7.5654
81100 7.6405
81200 7.6738
81300 7.6362
81400 7.5638
81500 7.6253
81600 7.5615
81700 7.4820
81800 7.7451
81900 7.6852
82000 7.5729
82100 7.2833
82200 7.7474
82300 7.8393
82400 7.7482
82500 7.6278
82600 7.6423
82700 7.5766
82800 7.3131
82900 7.5782
83000 7.7954
83100 7.6646
83200 7.6842
83300 7.7041
83400 7.7012
83500 7.5501
83600 7.6807
83700 7.8248
83800 7.7964
83900 7.6928
84000 7.9148
84100 7.8207
84200 7.7433
84300 7.6503
84400 7.5766
84500 7.8867
84600 7.7946
84700 7.8147
84800 7.9747
84900 7.8541
85000 7.7769
85100 7.8110
85200 7.7171
85300 7.7187
85400 7.8446
85500 7.7584
85600 7.6560
85700 7.6765
85800 7.7343
85900 7.7194
86000 7.6900
86100 7.5543
86200 7.6250
86300 7.8898
86400 7.9001
86500 8.0387
86600 8.1258
86700 7.7255
86800 7.6742
86900 7.7574
87000 7.7896
87100 8.0505
87200 7.9711
87300 7.8136
87400 7.7109
87500 7.8849
87600 7.7928
87700 8.0287
87800 8.1592
87900 7.7380
88000 7.6686
88100 7.7312
88200 7.8532
88300 7.8094
88400 7.7573
88500 7.7843
88600 7.8356
88700 7.9048
88800 7.8850
88900 7.9271
89000 7.8801
89100 7.8620
89200 7.9174
89300 7.7863
89400 7.8000
89500 7.9607
89600 7.9464
89700 7.7978
89800 7.8177
89900 8.0269
90000 7.9136
90100 7.8612
90200 8.0655
90300 7.7381
90400 7.8364
90500 7.8955
90600 7.9998
90700 7.8740
90800 7.8739
90900 7.9360
91000 7.9041
91100 7.9112
91200 8.0080
91300 8.0967
91400 7.7282
91500 7.8744
91600 7.8297
91700 7.8265
91800 7.8353
91900 7.9403
92000 7.9327
92100 7.6572
92200 7.8185
92300 7.9086
92400 7.7056
92500 7.8229
92600 7.9625
92700 7.8859
92800 7.9319
92900 7.9182
93000 8.0450
93100 8.0155
93200 7.9319
93300 7.7910
93400 7.8451
93500 7.9250
93600 7.8283
93700 7.7665
93800 7.8070
93900 7.7385
94000 7.7671
94100 7.7759
94200 7.6881
94300 7.9706
94400 7.8414
94500 7.8812
94600 7.8573
94700 7.9161
94800 7.9065
94900 7.6701
95000 7.8164
95100 7.8209
95200 8.0384
95300 7.6329
95400 7.8972
95500 7.9951
95600 7.7858
95700 7.7947
95800 7.8251
95900 7.8712
96000 7.7155
96100 7.7623
96200 7.8876
96300 7.9339
96400 7.9198
96500 8.0186
96600 8.0438
96700 7.9718
96800 7.7990
96900 8.0290
97000 7.8521
97100 7.8441
97200 7.9463
97300 7.7187
97400 7.6541
97500 7.8738
97600 7.9621
97700 7.8086
97800 7.9036
97900 7.7808
98000 7.8766
98100 7.9235
98200 7.8407
98300 7.9570
98400 7.8235
98500 7.8260
98600 7.9339
98700 7.8014
98800 7.7852
98900 8.0734
99000 7.9197
99100 7.9291
99200 8.0373
99300 7.9121
99400 8.1147
99500 7.9289
99600 7.9866
99700 8.0174
99800 8.0207
99900 8.3481
100000 8.0898
100100 8.2372
100200 7.7613
100300 7.6897
100400 8.0901
100500 7.9840
100600 8.0711
100700 7.7625
100800 7.8918
100900 7.7857
101000 7.8488
101100 7.7607
101200 7.8693
101300 7.8062
101400 7.9521
101500 8.0373
101600 7.9099
101700 7.9983
101800 7.9741
101900 7.8631
102000 8.0413
102100 8.1299
102200 7.9370
102300 8.1359
102400 8.0047
102500 7.9635
102600 8.0053
102700 7.8425
102800 7.9880
102900 7.9273
103000 7.9293
103100 8.0597
103200 7.9893
103300 8.0810
103400 7.8933
103500 7.7713
103600 8.1261
103700 7.9732
103800 7.9782
103900 7.8480
104000 7.6851
104100 8.0769
104200 8.0366
104300 7.8783
104400 8.1477
104500 7.8441
104600 7.9125
104700 8.0844
104800 8.2131
104900 8.2630
105000 8.3145
105100 8.0397
105200 7.9391
105300 7.9939
105400 8.0116
105500 8.1382
105600 8.1236
105700 7.9788
105800 7.8686
105900 8.0616
106000 7.9162
106100 8.1494
106200 8.1186
106300 8.2212
106400 8.2374
106500 8.3253
106600 8.2006
106700 8.0496
106800 8.1706
106900 8.1782
107000 8.1315
107100 8.1069
107200 7.7794
107300 7.9929
107400 8.1202
107500 7.9755
107600 7.9125
107700 8.0238
107800 7.9035
107900 7.7872
108000 8.0673
108100 7.7690
108200 7.7514
108300 7.6477
108400 7.9349
108500 7.7782
108600 7.9362
108700 8.0350
108800 7.9124
108900 8.0723
109000 8.1602
109100 7.9466
109200 8.1008
109300 8.1124
109400 8.3587
109500 8.1672
109600 8.2041
109700 7.9898
109800 8.1140
109900 8.0951
110000 8.0956
110100 8.1286
110200 8.0770
110300 7.8990
110400 7.9197
110500 7.9732
110600 7.9501
110700 7.9238
110800 8.0590
110900 7.8851
111000 8.0002
111100 7.7678
111200 7.9278
111300 7.9154
111400 8.0520
111500 8.0195
111600 8.0293
111700 7.9894
111800 7.9290
111900 7.7767
112000 7.8291
112100 7.8673
112200 7.7153
112300 7.8369
112400 7.9925
112500 7.9019
112600 7.9193
112700 8.0667
112800 7.8341
112900 7.9211
113000 8.0241
113100 7.8638
113200 7.8159
113300 7.8546
113400 7.8901
113500 7.9962
113600 7.7154
113700 7.7994
113800 7.8868
113900 7.8190
114000 7.7328
114100 7.6560
114200 7.8340
114300 7.9014
114400 7.7662
114500 7.8040
114600 7.7868
114700 7.6728
114800 7.8392
114900 7.8165
115000 7.6524
115100 7.9152
115200 7.9573
115300 7.9167
115400 7.9911
115500 7.8592
115600 7.9686
115700 7.8831
115800 7.6917
115900 7.6775
116000 7.7794
116100 7.7417
116200 7.5895
116300 7.4877
116400 7.7366
116500 7.8453
116600 7.8048
116700 7.7874
116800 7.8173
116900 7.8565
117000 7.8985
117100 7.6624
117200 8.0214
117300 7.9280
117400 7.9419
117500 7.9888
117600 7.8679
117700 8.0104
117800 7.9458
117900 7.6051
118000 7.7234
118100 7.7406
118200 7.6671
118300 7.8418
118400 7.6992
118500 7.6070
118600 7.7783
118700 7.7151
118800 7.6561
118900 7.6430
119000 7.4759
119100 7.7269
119200 7.7811
119300 7.8838
119400 7.7944
119500 7.8951
119600 7.6004
119700 7.6896
119800 7.7390
119900 7.8443
120000 7.6142
120100 7.7266
120200 7.6829
120300 7.6766
120400 7.5882
120500 7.6362
120600 7.6786
120700 7.9562
120800 7.6057
120900 7.5756
121000 7.7178
121100 7.8012
121200 7.8505
121300 7.6709
121400 7.7229
121500 7.7680
121600 7.7683
121700 7.6305
121800 7.7809
121900 7.6270
122000 7.5233
122100 7.8495
122200 7.8638
122300 7.7796
122400 7.8080
122500 7.7698
122600 7.7630
122700 7.6177
122800 7.7657
122900 7.8310
123000 7.9521
123100 7.8288
123200 7.8097
123300 7.6836
123400 7.5917
123500 7.6649
123600 7.8322
123700 7.7498
123800 8.0167
123900 7.9535
124000 7.8365
124100 8.1201
124200 7.9725
124300 7.9007
124400 7.7624
124500 7.7696
124600 7.7952
124700 7.7219
124800 8.0829
124900 7.8367
125000 7.6643
125100 7.8852
125200 7.7968
125300 7.6993
125400 7.8171
125500 7.8061
125600 7.9020
125700 7.6428
125800 7.8135
125900 7.6611
126000 7.9195
126100 7.9265
126200 7.8156
126300 7.8744
126400 7.7367
126500 7.8855
126600 7.8293
126700 7.8783
126800 7.8717
126900 7.9593
127000 7.7947
127100 7.7271
127200 7.6187
127300 7.6667
127400 7.8458
127500 7.7723
127600 7.8993
127700 7.7652
127800 7.6392
127900 7.8820
128000 7.8737
128100 7.7624
128200 7.8566
128300 7.7605
128400 7.8946
128500 7.7898
128600 7.6813
128700 7.6666
128800 7.7099
128900 7.7322
129000 7.6995
129100 7.8586
129200 7.6677
129300 7.5587
129400 7.7855
129500 7.6675
129600 7.6126
129700 7.7465
129800 7.5368
129900 7.5663
130000 7.6474
130100 7.8134
130200 7.6895
130300 7.7091
130400 7.7216
130500 7.5038
130600 7.5552
130700 7.6573
130800 7.6933
130900 7.5992
131000 7.5904
131100 7.5444
131200 7.5807
131300 7.5803
131400 7.7135
131500 7.7573
131600 7.4831
131700 7.5781
131800 7.6351
131900 7.7323
132000 7.4996
132100 7.5953
132200 7.6173
132300 7.6764
132400 7.9449
132500 7.6940
132600 7.8370
132700 7.8006
132800 7.7096
132900 7.9134
133000 7.8109
133100 7.6981
133200 7.7593
133300 7.7829
133400 7.7943
133500 7.7255
133600 7.8073
133700 7.7841
133800 7.8622
133900 7.8264
134000 7.7114
134100 7.5932
134200 7.8069
134300 7.7226
134400 7.6545
134500 7.7413
134600 7.5867
134700 7.5614
134800 7.6088
134900 7.6814
135000 7.5682
135100 7.6624
135200 7.5544
135300 7.5906
135400 7.5654
135500 7.6460
135600 7.5816
135700 7.6135
135800 7.5520
135900 7.3945
136000 7.6783
136100 7.4903
136200 7.6982
136300 7.5858
136400 7.4876
136500 7.6835
136600 7.7215
136700 7.6587
136800 7.6541
136900 7.7450
137000 7.6965
137100 7.8579
137200 7.7282
137300 7.6936
137400 7.6884
137500 7.6909
137600 7.7486
137700 7.7109
137800 7.7899
137900 7.6757
138000 7.5742
138100 7.4791
138200 7.7216
138300 7.6015
138400 7.5827
138500 7.6462
138600 7.5158
138700 7.6787
138800 7.7498
138900 7.9870
139000 7.8589
139100 7.6739
139200 7.9270
139300 7.8489
139400 7.7662
139500 7.8561
139600 7.6404
139700 7.7983
139800 7.5704
139900 7.6619
140000 7.8611
140100 7.8012
140200 7.9495
140300 7.8651
140400 7.9730
140500 7.8535
140600 7.8264
140700 7.8217
140800 7.8752
140900 7.8211
141000 7.7579
141100 7.8133
141200 7.5666
141300 7.7898
141400 7.6295
141500 7.5872
141600 7.8796
141700 7.8011
141800 8.0009
141900 8.0127
142000 7.8509
142100 7.7829
142200 7.7771
142300 7.8319
142400 7.8961
142500 8.0343
142600 7.7149
142700 7.8133
142800 8.0175
142900 7.7923
143000 7.9673
143100 7.7211
143200 7.8348
143300 8.0723
143400 8.0128
143500 7.8681
143600 7.9038
143700 7.8830
143800 7.9876
143900 8.1447
144000 8.0498
144100 7.9195
144200 8.0044
144300 7.8899
144400 7.9914
144500 8.0531
144600 8.1268
144700 7.8395
144800 7.8910
144900 7.7731
145000 7.7253
145100 7.8067
145200 7.9215
145300 7.9313
145400 7.9049
145500 7.8323
145600 7.6665
145700 7.5664
145800 7.8532
145900 7.8278
146000 7.7871
146100 7.9906
146200 8.1067
146300 7.9842
146400 7.8357
146500 8.0496
146600 7.8744
146700 7.7138
146800 7.5714
146900 7.7434
147000 7.6389
147100 7.6832
147200 7.7408
147300 7.8014
147400 7.7169
147500 7.8164
147600 7.6727
147700 7.6997
147800 7.8541
147900 7.7028
148000 7.7394
148100 7.7743
148200 7.6741
148300 7.7168
148400 7.7096
148500 7.6076
148600 7.6936
148700 8.0181
148800 7.9029
148900 7.6219
149000 7.6482
149100 7.7350
149200 7.7166
149300 7.8472
149400 7.8504
149500 7.8646
149600 7.7738
149700 7.8624
149800 7.8020
149900 7.7499
150000 7.7621
150100 8.0638
150200 7.8044
150300 7.8491
150400 7.9395
150500 7.9269
150600 7.8513
150700 7.8987
150800 7.8477
150900 7.7021
151000 7.6342
151100 7.7015
151200 7.8917
151300 7.8393
151400 7.6707
151500 7.8727
151600 7.8985
151700 7.7629
151800 7.7343
151900 7.6678
152000 7.6323
152100 7.8198
152200 7.6721
152300 7.6217
152400 7.4665
152500 7.6001
152600 7.7696
152700 7.8005
152800 7.9627
152900 7.8308
153000 7.5042
153100 7.6475
153200 7.7985
153300 7.7969
153400 7.7014
153500 7.7346
153600 7.9493
153700 7.5692
153800 7.6174
153900 7.6922
154000 7.6173
154100 7.7774
154200 7.6757
154300 7.6581
154400 7.8359
154500 7.7453
154600 7.5455
154700 7.4724
154800 7.9055
154900 7.8855
155000 7.6888
155100 7.6256
155200 7.5975
155300 7.5252
155400 7.7093
155500 7.7996
155600 7.6836
155700 7.6514
155800 7.5966
155900 7.7082
156000 7.8325
156100 7.6808
156200 7.8685
156300 7.7295
156400 7.8510
156500 7.6916
156600 7.4428
156700 7.4840
156800 7.4928
156900 7.5997
157000 7.6002
157100 7.6915
157200 7.7014
157300 7.6120
157400 7.6849
157500 7.6164
157600 7.4548
157700 7.5022
157800 7.4535
157900 7.6776
158000 7.3520
158100 7.5414
158200 7.5924
158300 7.7270
158400 7.5637
158500 7.6471
158600 7.5484
158700 7.7636
158800 7.5177
158900 7.6797
159000 7.9628
159100 7.8889
159200 7.8683
159300 7.5598
159400 7.6214
159500 7.6046
159600 7.8381
159700 7.8185
159800 7.7177
159900 7.8498
160000 7.8364
160100 7.6265
160200 7.4995
160300 7.5736
160400 7.7196
160500 7.7323
160600 7.5068
160700 7.6278
160800 7.5461
160900 7.5996
161000 7.6386
161100 7.7705
161200 7.6416
161300 7.8976
161400 7.7845
161500 7.6577
161600 7.7659
161700 7.6178
161800 7.6215
161900 7.4979
162000 7.4601
162100 7.4240
162200 7.4088
162300 7.4107
162400 7.3294
162500 7.4052
162600 7.4486
162700 7.5980
162800 7.5921
162900 7.6618
163000 7.3783
163100 7.5459
163200 7.5626
163300 7.3581
163400 7.2720
163500 7.4635
163600 7.5089
163700 7.4626
163800 7.4058
163900 7.3483
164000 7.2144
164100 7.0735
164200 7.4156
164300 7.2336
164400 7.2564
164500 7.2418
164600 7.2602
164700 7.4887
164800 7.5290
164900 7.3318
165000 7.2767
165100 7.6015
165200 7.4264
165300 7.4041
165400 7.4354
165500 7.2671
165600 7.2937
165700 7.4136
165800 7.7504
165900 7.3978
166000 7.3421
166100 7.3874
166200 7.3681
166300 7.7408
166400 7.6655
166500 7.4427
166600 7.6553
166700 7.4319
166800 7.4324
166900 7.5451
167000 7.1985
167100 7.2032
167200 7.4695
167300 7.6465
167400 7.4696
167500 7.4762
167600 7.2789
167700 7.4202
167800 7.2982
167900 7.3230
168000 7.5473
168100 7.3542
168200 7.5465
168300 7.5720
168400 7.6303
168500 7.3363
168600 7.4913
168700 7.2849
168800 7.3592
168900 7.3239
169000 7.5007
169100 7.4278
169200 7.4771
169300 7.6369
169400 7.5908
169500 7.6564
169600 7.8006
169700 7.4587
169800 7.6504
169900 7.7355
170000 7.7133
170100 7.6109
170200 7.5185
170300 7.6134
170400 7.6470
170500 7.7982
170600 7.5609
170700 7.5644
170800 7.5079
170900 7.3137
171000 7.2206
171100 7.3296
171200 7.3227
171300 7.3651
171400 7.7072
171500 7.5027
171600 7.4021
171700 7.6180
171800 7.7011
171900 7.7518
172000 7.7615
172100 7.6142
172200 7.7227
172300 7.8520
172400 7.9649
172500 7.7527
172600 7.7368
172700 7.7587
172800 7.7866
172900 7.7407
173000 7.6183
173100 7.7513
173200 7.7662
173300 7.5975
173400 7.6309
173500 7.6587
173600 7.7212
173700 7.6957
173800 7.4210
173900 7.3404
174000 7.4852
174100 7.5109
174200 7.6531
174300 7.8087
174400 7.6002
174500 7.6363
174600 7.6916
174700 7.5309
174800 7.4266
174900 7.6670
175000 7.6271
175100 7.7014
175200 7.5767
175300 7.5930
175400 7.5900
175500 7.5496
175600 7.6372
175700 7.6702
175800 7.4541
175900 7.3426
176000 7.7707
176100 7.6444
176200 7.5954
176300 7.7649
176400 7.5910
176500 7.4401
176600 7.6250
176700 7.6165
176800 7.6644
176900 7.5519
177000 7.4927
177100 7.4653
177200 7.4111
177300 7.5683
177400 7.5972
177500 7.7424
177600 7.6379
177700 7.5728
177800 7.7852
177900 7.4989
178000 7.5389
178100 7.7928
178200 7.6240
178300 7.5964
178400 7.7721
178500 7.5610
178600 7.6479
178700 7.5654
178800 7.6406
178900 7.7122
179000 7.7855
179100 7.8376
179200 7.7967
179300 7.6578
179400 7.7841
179500 7.4417
179600 7.8111
179700 7.8014
179800 7.7217
179900 7.8991
180000 7.7558
180100 7.6774
180200 7.8729
180300 7.7333
180400 7.6396
180500 7.7886
180600 7.8237
180700 7.7549
180800 7.7694
180900 7.8534
181000 7.7989
181100 7.9414
181200 7.8982
181300 7.6355
181400 7.6642
181500 7.8374
181600 7.8763
181700 7.6513
181800 7.8916
181900 7.8282
182000 7.6110
182100 7.7312
182200 7.9234
182300 7.6555
182400 7.9015
182500 7.7776
182600 7.6457
182700 7.6950
182800 7.5928
182900 7.8987
183000 7.7243
183100 7.6339
183200 7.4867
183300 7.8101
183400 7.7016
183500 7.9771
183600 7.7406
183700 7.6642
183800 7.4572
183900 7.6420
184000 7.7303
184100 7.7341
184200 7.6732
184300 7.5010
184400 7.6507
184500 7.6732
184600 7.5385
184700 8.0025
184800 7.7296
184900 7.5980
185000 7.9136
185100 7.8147
185200 7.4803
185300 7.5467
185400 7.7314
185500 7.3851
185600 7.4133
185700 7.5386
185800 7.4442
185900 7.4026
186000 7.5593
186100 7.5109
186200 7.5773
186300 7.5119
186400 7.4735
186500 7.7155
186600 7.4975
186700 7.6004
186800 7.7156
186900 7.3084
187000 7.4535
187100 7.4890
187200 7.6714
187300 7.4898
187400 7.2952
187500 7.5500
187600 7.3977
187700 7.4299
187800 7.4745
187900 7.4182
188000 7.4910
188100 7.4926
188200 7.6425
188300 7.5190
188400 7.4082
188500 7.4830
188600 7.3690
188700 7.4171
188800 7.6124
188900 7.6646
189000 7.4504
189100 7.5159
189200 7.5231
189300 7.6350
189400 7.5835
189500 7.3847
189600 7.6620
189700 7.6587
189800 7.5701
189900 7.7694
190000 7.8233
190100 7.6438
190200 7.5518
190300 7.4708
190400 7.5630
190500 7.4273
190600 7.3734
190700 7.6100
190800 7.5719
190900 7.4588
191000 7.6284
191100 7.7629
191200 7.4849
191300 7.7377
191400 7.6013
191500 7.7756
191600 7.9957
191700 7.8839
191800 7.7114
191900 7.7242
192000 7.8129
192100 7.6963
192200 7.7743
192300 7.7026
192400 7.6439
192500 7.4936
192600 7.5637
192700 7.5456
192800 7.5376
192900 7.6855
193000 7.3523
193100 7.8177
193200 7.6885
193300 7.6908
193400 7.6169
193500 7.9129
193600 7.6361
193700 7.7583
193800 7.6233
193900 7.5999
194000 7.5068
194100 7.7617
194200 7.5074
194300 7.8129
194400 7.7637
194500 7.7552
194600 7.8706
194700 7.5214
194800 7.7644
194900 7.5772
195000 7.7758
195100 7.7592
195200 7.7539
195300 7.8699
195400 7.9009
195500 7.6779
195600 7.8270
195700 7.5668
195800 7.5144
195900 7.6972
196000 7.4767
196100 7.6531
196200 7.4749
196300 7.4091
196400 7.5646
196500 7.7272
196600 7.8067
196700 7.9454
196800 7.7214
196900 7.7409
197000 7.8299
197100 7.7984
197200 7.8898
197300 7.8410
197400 7.8118
197500 7.8405
197600 7.6648
197700 7.8450
197800 7.7298
197900 7.8100
198000 7.7854
198100 7.9247
198200 7.9409
198300 8.0585
198400 7.8382
198500 7.9359
198600 7.8884
198700 7.7969
198800 7.6992
198900 7.8205
199000 7.7686
199100 7.8689
199200 8.0296
199300 7.5392
199400 7.7616
199500 7.7027
199600 7.6764
199700 7.9441
199800 7.9947
199900 8.0106
200000 8.0209
200100 7.7512
200200 7.8263
200300 7.8615
200400 7.7734
200500 8.0097
200600 7.9083
200700 7.7796
200800 7.7742
200900 7.8401
201000 7.7418
201100 7.8733
201200 7.9148
201300 7.9329
201400 7.7609
201500 7.7337
201600 7.8000
201700 7.8392
201800 7.7085
201900 7.6283
202000 7.7422
202100 7.7953
202200 7.7693
202300 7.8062
202400 7.8499
202500 7.7262
202600 7.7331
202700 7.8172
202800 7.8269
202900 7.8044
203000 7.7452
203100 7.9573
203200 7.7401
203300 7.8697
203400 7.9204
203500 7.7224
203600 7.7624
203700 7.7683
203800 7.5662
203900 7.8900
204000 7.6589
204100 7.8367
204200 7.8965
204300 7.7845
204400 7.9979
204500 7.9035
204600 7.7942
204700 7.9368
204800 7.8259
204900 7.8282
205000 7.6112
205100 7.7827
205200 7.8010
205300 7.7827
205400 7.8179
205500 7.9272
205600 7.7819
205700 7.7614
205800 7.8229
205900 7.6359
206000 7.6725
206100 7.9122
206200 7.7632
206300 7.6977
206400 7.6782
206500 7.7730
206600 7.6540
206700 7.5530
206800 7.4685
206900 7.4927
207000 7.5041
207100 7.5881
207200 7.4891
207300 7.4829
207400 7.4994
207500 7.6011
207600 7.7216
207700 7.5914
207800 7.6480
207900 7.6984
208000 7.5938
208100 7.5945
208200 7.6549
208300 7.5282
208400 7.4690
208500 7.5532
208600 7.5583
208700 7.3853
208800 7.5949
208900 7.6607
209000 7.6410
209100 7.6970
209200 7.7776
209300 7.7405
209400 7.6275
209500 7.6001
209600 7.6605
209700 7.5737
209800 7.6915
209900 7.9429
210000 7.6920
210100 7.4512
210200 7.5779
210300 7.5859
210400 7.5063
210500 7.7338
210600 7.6050
210700 7.6269
210800 7.7005
210900 7.8929
211000 7.6669
211100 7.8982
211200 7.8782
211300 7.4951
211400 7.6749
211500 7.7560
211600 7.7971
211700 7.7138
211800 7.6459
211900 7.6604
212000 7.7637
212100 7.7896
212200 7.8381
212300 7.7892
212400 7.7664
212500 7.6546
212600 7.6796
212700 7.8038
212800 7.6827
212900 7.5878
213000 7.4563
213100 7.6607
213200 7.4552
213300 7.6580
213400 7.7253
213500 7.6730
213600 7.7919
213700 7.6443
213800 7.4912
213900 7.6580
214000 7.5913
214100 7.5257
214200 7.5812
214300 7.6951
214400 7.7864
214500 7.4177
214600 7.7644
214700 7.6719
214800 7.5775
214900 7.6411
215000 7.7112
215100 7.8881
215200 7.7148
215300 7.7256
215400 7.7577
215500 7.6490
215600 7.7388
215700 7.6417
215800 7.6833
215900 7.6086
216000 7.8415
216100 7.6973
216200 7.4774
216300 7.6908
216400 7.7509
216500 8.0292
216600 7.9716
216700 7.7666
216800 7.7950
216900 7.8220
217000 7.7550
217100 7.7941
217200 7.8352
217300 7.8019
217400 7.7524
217500 7.6625
217600 7.9381
217700 7.6574
217800 7.7581
217900 7.7050
218000 7.7663
218100 7.8778
218200 7.7174
218300 7.6470
218400 7.9529
218500 7.6470
218600 7.6995
218700 7.8224
218800 7.5150
218900 7.4511
219000 7.6211
219100 7.5340
219200 7.5791
219300 7.5259
219400 7.4704
219500 7.6563
219600 7.6848
219700 7.5391
219800 7.7748
219900 7.7322
220000 7.8541
220100 8.0232
220200 8.1587
220300 8.0796
220400 7.8273
220500 7.8159
220600 7.7720
220700 7.7522
220800 7.6998
220900 7.8708
221000 7.7596
221100 7.6427
221200 7.8216
221300 7.9283
221400 7.9020
221500 7.8431
221600 7.6368
221700 7.5868
221800 7.8088
221900 7.8246
222000 7.8563
222100 7.7920
222200 7.7587
222300 7.6938
222400 7.7785
222500 7.7380
222600 7.5436
222700 7.4585
222800 7.4403
222900 7.6454
223000 7.6849
223100 7.6152
223200 7.4893
223300 7.4202
223400 7.5678
223500 7.5263
223600 7.6919
223700 7.6667
223800 7.5967
223900 7.5145
224000 7.5702
224100 7.5807
224200 7.4671
224300 7.6267
224400 7.6396
224500 7.6178
224600 7.6051
224700 7.4862
224800 7.5766
224900 7.6709
225000 7.8498
225100 7.6815
225200 7.6843
225300 7.7800
225400 7.6227
225500 7.6908
225600 7.6865
225700 7.5199
225800 7.7723
225900 7.5242
226000 7.6529
226100 7.6291
226200 7.6856
226300 7.8088
226400 7.6525
226500 7.6693
226600 7.5995
226700 7.7411
226800 7.7935
226900 7.6404
227000 7.6203
227100 7.6543
227200 7.7420
227300 7.7792
227400 7.7000
227500 7.7718
227600 7.7191
227700 7.6786
227800 7.5868
227900 7.6934
228000 7.7303
228100 7.7166
228200 7.6208
228300 7.5901
228400 7.5723
228500 7.6599
228600 7.6084
228700 7.7056
228800 7.5033
228900 7.8013
229000 7.4443
229100 7.4346
229200 7.5598
229300 7.3533
229400 7.6801
229500 7.4667
229600 7.4150
229700 7.7953
229800 7.4912
229900 7.5137
230000 7.8288
230100 7.9417
230200 7.8059
230300 7.5831
230400 7.7467
230500 7.7251
230600 7.5940
230700 7.6312
230800 7.7555
230900 7.7896
231000 7.6756
231100 7.5897
231200 7.6405
231300 7.6694
231400 7.3502
231500 7.7254
231600 7.6115
231700 7.4566
231800 7.6834
231900 7.6950
232000 7.6549
232100 7.7321
232200 7.6393
232300 7.4876
232400 7.5787
232500 7.8481
232600 7.6374
232700 7.6990
232800 7.6462
232900 7.5660
233000 7.5591
233100 7.5162
233200 7.5935
233300 7.4984
233400 7.6419
233500 7.4841
233600 7.7477
233700 7.8503
233800 7.7189
233900 7.7172
234000 7.5861
234100 7.5954
234200 7.3122
234300 7.5793
234400 7.5093
234500 7.4376
234600 7.7562
234700 7.4913
234800 7.6566
234900 7.7061
235000 7.7160
235100 7.1874
235200 7.6609
235300 7.5837
235400 7.6060
235500 7.5000
235600 7.5699
235700 7.6008
235800 7.6528
235900 7.7436
236000 7.6281
236100 7.5286
236200 7.6180
236300 7.5319
236400 7.4454
236500 7.6609
236600 7.6300
236700 7.6231
236800 7.5420
236900 7.5822
237000 7.5467
237100 7.6882
237200 7.6186
237300 7.7089
237400 7.4899
237500 7.4936
237600 7.7993
237700 7.7811
237800 7.6541
237900 7.5663
238000 7.7215
238100 7.5724
238200 7.6176
238300 7.7413
238400 7.6825
238500 7.6690
238600 7.4889
238700 7.8981
238800 7.8750
238900 7.7316
239000 7.7815
239100 7.8865
239200 7.8183
239300 7.8062
239400 7.6972
239500 7.7193
239600 7.7415
239700 7.8187
239800 7.7487
239900 7.6761
240000 7.7398
240100 7.7181
240200 7.7757
240300 7.8126
240400 7.9901
240500 7.9588
240600 7.9926
240700 7.8657
240800 7.6999
240900 7.6739
241000 7.7217
241100 7.8851
241200 7.8550
241300 7.7254
241400 7.7250
241500 7.7636
241600 7.7900
241700 7.6056
241800 7.4218
241900 7.6859
242000 7.6630
242100 7.6447
242200 7.6983
242300 7.7498
242400 7.7196
242500 7.6133
242600 7.6408
242700 7.6630
242800 7.8580
242900 7.7433
243000 7.6630
243100 7.6755
243200 7.9019
243300 7.6608
243400 7.7240
243500 7.8277
243600 7.6783
243700 7.7963
243800 7.7895
243900 7.7131
244000 7.6886
244100 7.8174
244200 7.7545
244300 7.8049
244400 7.7681
244500 7.8108
244600 7.5982
244700 7.5684
244800 7.6957
244900 7.9162
245000 7.7919
245100 7.7652
245200 7.7897
245300 7.6615
245400 7.6704
245500 7.6769
245600 7.8434
245700 7.6421
245800 7.7141
245900 7.6846
246000 7.7558
246100 7.6988
246200 7.6984
246300 7.7604
246400 7.7038
246500 7.6584
246600 7.6467
246700 7.6594
246800 7.7182
246900 7.7016
247000 7.4070
247100 7.5432
247200 7.3358
247300 7.3632
247400 7.2954
247500 7.6655
247600 7.4839
247700 7.5592
247800 7.7176
247900 7.5728
248000 7.4903
248100 7.5527
248200 7.6225
248300 7.4255
248400 7.5045
248500 7.5866
248600 7.4355
248700 7.6157
248800 7.5280
248900 7.8851
249000 7.9394
249100 7.7643
249200 7.7339
249300 7.8843
249400 7.5902
249500 7.6035
249600 7.7908
249700 7.7679
249800 7.7121
249900 7.7299
250000 7.5893
250100 7.7515
250200 7.4427
250300 7.6226
250400 7.5877
250500 7.6488
250600 7.7812
250700 7.8463
250800 7.8027
250900 7.7969
251000 7.4609
251100 7.4911
251200 7.2714
251300 7.4471
251400 7.5696
251500 7.4706
251600 7.3596
251700 7.1837
251800 7.2997
251900 7.3217
252000 7.4588
252100 7.6452
252200 7.5716
252300 7.5043
252400 7.5593
252500 7.7205
252600 7.8227
252700 7.8506
252800 7.8301
252900 7.6810
253000 7.7193
253100 7.6590
253200 7.6553
253300 7.4750
253400 7.4687
253500 7.5502
253600 7.4014
253700 7.1346
253800 7.5303
253900 7.6361
254000 7.5486
254100 7.7090
254200 7.2426
254300 7.3858
254400 7.5050
254500 7.3749
254600 7.3969
254700 7.3605
254800 7.4599
254900 7.4354
255000 7.4710
255100 7.6650
255200 7.5316
255300 7.3813
255400 7.3439
255500 7.5528
255600 7.5098
255700 7.5655
255800 7.5139
255900 7.5312
256000 7.6280
256100 7.5134
256200 7.4867
256300 7.5634
256400 7.4161
256500 7.3642
256600 7.4503
256700 7.5459
256800 7.6275
256900 7.5206
257000 7.5390
257100 7.7483
257200 7.7330
257300 7.5250
257400 7.6000
257500 7.6818
257600 7.3945
257700 7.3630
257800 7.4931
257900 7.4093
258000 7.2725
258100 7.5067
258200 7.3386
258300 7.4597
258400 7.6299
258500 7.7053
258600 7.7525
258700 7.6540
258800 7.8146
258900 7.5191
259000 7.5481
259100 7.6179
259200 7.7264
259300 7.4514
259400 7.4834
259500 7.2429
259600 7.5961
259700 7.5931
259800 7.6594
259900 7.7226
260000 7.6042
260100 7.4805
260200 7.5533
260300 7.4783
260400 7.8016
260500 7.5067
260600 7.4915
260700 7.5082
260800 7.5954
260900 7.6751
261000 7.7105
261100 7.6399
261200 7.6698
261300 7.7357
261400 7.5816
261500 7.5347
261600 7.5555
261700 7.5251
261800 7.5386
261900 7.6054
262000 7.6779
262100 7.7004
262200 7.6225
262300 7.5449
262400 7.5760
262500 7.6091
262600 7.5857
262700 7.3669
262800 7.4479
262900 7.6833
263000 7.6466
263100 7.5999
263200 7.5533
263300 7.3174
263400 7.5563
263500 7.5847
263600 7.5664
263700 7.5825
263800 7.5821
263900 7.5616
264000 7.4825
264100 7.4381
264200 7.5341
264300 7.4203
264400 7.5608
264500 7.3238
264600 7.3090
264700 7.4208
264800 7.3110
264900 7.3883
265000 7.4395
265100 7.3423
265200 7.4776
265300 7.5782
265400 7.4362
265500 7.4553
265600 7.5601
265700 7.4256
265800 7.3017
265900 7.2953
266000 7.5039
266100 7.5613
266200 7.2659
266300 7.5952
266400 7.6333
266500 7.4797
266600 7.6340
266700 7.3432
266800 7.3001
266900 7.5998
267000 7.5923
267100 7.5137
267200 7.5041
267300 7.2418
267400 7.3343
267500 7.5651
267600 7.5327
267700 7.5004
267800 7.6019
267900 7.6359
268000 7.6862
268100 7.6916
268200 7.6006
268300 7.6276
268400 7.4891
268500 7.4026
268600 7.6060
268700 7.3822
268800 7.4651
268900 7.6983
269000 7.6981
269100 7.8712
269200 7.5856
269300 7.8758
269400 7.8452
269500 7.4772
269600 7.5031
269700 7.7194
269800 7.5750
269900 7.7146
270000 7.8037
270100 7.6417
270200 7.4675
270300 7.6620
270400 7.7287
270500 7.7722
270600 7.7487
270700 7.6479
270800 7.7406
270900 7.4015
271000 7.6473
271100 7.6928
271200 7.6191
271300 7.4307
271400 7.7152
271500 7.5198
271600 7.5529
271700 7.6077
271800 7.4788
271900 7.6792
272000 7.7321
272100 7.6369
272200 7.5359
272300 7.5208
272400 7.5032
272500 7.5051
272600 7.4011
272700 7.2952
272800 7.4662
272900 7.4565
273000 7.5820
273100 7.6861
273200 7.6612
273300 7.4921
273400 7.6188
273500 7.6597
273600 7.6295
273700 7.4927
273800 7.6135
273900 7.7340
274000 7.4442
274100 7.6850
274200 7.7255
274300 7.6102
274400 7.4931
274500 7.6202
274600 7.6551
274700 7.5109
274800 7.6983
274900 7.6918
275000 7.5594
275100 7.5115
275200 7.2436
275300 7.4867
275400 7.5967
275500 7.4997
275600 7.6397
275700 7.4321
275800 7.3937
275900 7.6426
276000 7.6085
276100 7.5563
276200 7.7363
276300 7.5726
276400 7.4578
276500 7.5428
276600 7.5440
276700 7.6052
276800 7.5483
276900 7.5718
277000 7.6457
277100 7.6453
277200 7.8251
277300 7.6137
277400 7.8253
277500 7.8250
277600 7.7205
277700 7.6947
277800 7.5998
277900 7.7550
278000 7.5751
278100 7.5872
278200 7.6210
278300 7.6263
278400 7.4846
278500 7.6203
278600 7.4786
278700 7.4310
278800 7.5903
278900 7.4042
279000 7.6047
279100 7.7345
279200 7.5053
279300 7.6250
279400 7.6329
279500 7.4966
279600 7.6122
279700 7.2691
279800 7.5374
279900 7.7605
280000 7.4716
280100 7.6126
280200 7.5407
280300 7.4172
280400 7.6693
280500 7.3635
280600 7.5168
280700 7.6211
280800 7.4661
280900 7.4625
281000 7.6474
281100 7.5922
281200 7.5325
281300 7.7362
281400 7.7964
281500 7.6620
281600 7.6954
281700 7.5362
281800 7.6310
281900 7.6093
282000 7.5986
282100 7.7307
282200 7.6763
282300 7.5998
282400 7.6091
282500 7.7677
282600 7.7194
282700 7.6409
282800 7.6163
282900 7.7032
283000 7.7131
283100 7.6695
283200 7.8317
283300 7.6798
283400 7.5328
283500 7.6144
283600 7.6346
283700 7.4941
283800 7.5309
283900 7.7933
284000 7.5440
284100 7.7000
284200 7.5178
284300 7.7059
284400 7.5226
284500 7.6913
284600 7.4974
284700 7.5609
284800 7.8662
284900 7.5796
285000 7.5715
285100 7.5515
285200 7.8653
285300 7.9462
285400 7.6761
285500 7.6957
285600 7.6310
285700 7.6736
285800 7.7973
285900 7.4579
286000 7.6408
286100 7.8048
286200 7.7476
286300 7.5935
286400 7.7024
286500 7.9198
286600 8.0097
286700 7.6673
286800 7.7921
286900 7.6784
287000 7.5506
287100 7.7630
287200 7.6552
287300 7.6266
287400 7.9264
287500 7.7023
287600 7.5292
287700 7.6929
287800 7.5010
287900 7.7049
288000 7.6848
288100 7.7208
288200 7.7504
288300 7.9300
288400 7.8765
288500 7.7444
288600 7.5564
288700 7.8217
288800 7.7524
288900 7.9103
289000 7.7151
289100 7.5846
289200 7.4835
289300 7.6874
289400 7.6604
289500 7.4955
289600 7.6331
289700 7.7062
289800 7.8094
289900 7.8564
290000 7.6077
290100 7.5029
290200 7.6595
290300 7.6605
290400 7.7562
290500 7.7719
290600 7.6031
290700 7.5894
290800 7.7822
290900 7.6124
291000 7.7312
291100 7.6797
291200 7.7930
291300 8.0183
291400 7.8910
291500 7.7302
291600 7.6663
291700 7.6161
291800 7.6670
291900 7.7758
292000 7.6881
292100 7.8357
292200 7.7699
292300 7.6721
292400 7.6753
292500 7.4275
292600 7.5159
292700 7.6989
292800 7.4702
292900 7.4909
293000 7.5940
293100 7.5687
293200 7.7614
293300 7.4896
293400 7.5937
293500 7.7148
293600 7.7948
293700 7.6860
293800 7.7542
293900 7.7124
294000 7.5467
294100 7.4738
294200 7.7173
294300 7.5747
294400 7.6019
294500 7.7756
294600 7.4997
294700 7.6640
294800 7.6946
294900 7.7153
295000 8.0053
295100 7.8674
295200 7.6754
295300 7.5033
295400 7.6803
295500 7.4566
295600 7.5842
295700 7.5961
295800 7.7674
295900 7.5766
296000 7.8187
296100 7.7660
296200 7.7300
296300 7.7010
296400 7.7389
296500 7.6044
296600 7.4759
296700 7.6545
296800 7.5532
296900 7.8394
297000 7.8349
297100 7.8451
297200 7.5728
297300 7.7015
297400 7.7514
297500 7.6789
297600 7.9072
297700 7.6542
297800 7.7195
297900 7.8992
298000 7.7890
298100 7.8639
298200 7.8203
298300 7.8704
298400 7.9689
298500 7.8128
298600 7.8547
298700 7.9987
298800 7.8674
298900 8.0039
299000 7.9144
299100 7.9021
299200 7.7015
299300 8.0198
299400 7.9390
299500 7.6443
299600 7.8079
299700 7.7160
299800 8.0094
299900 7.8480
300000 7.7503
300100 7.9868
300200 7.7956
300300 7.9261
300400 7.8948
300500 7.8831
300600 7.7546
300700 7.9056
300800 7.7703
300900 7.9251
301000 8.0625
301100 7.8730
301200 7.8863
301300 7.8590
301400 7.8535
301500 7.9757
301600 7.7808
301700 8.0531
301800 7.9822
301900 7.9430
302000 7.9417
302100 8.1005
302200 7.9919
302300 8.1279
302400 7.9301
302500 7.7854
302600 7.9359
302700 7.7006
302800 7.6954
302900 7.8754
303000 7.7434
303100 7.6866
303200 7.7494
303300 7.8053
303400 7.7920
303500 8.1097
303600 7.8601
303700 7.7767
303800 7.9377
303900 7.7595
304000 7.8504
304100 7.6186
304200 7.7792
304300 7.7620
304400 7.8840
304500 7.9737
304600 8.1328
304700 7.7577
304800 8.0003
304900 7.9790
305000 7.9407
305100 8.0554
305200 7.9508
305300 7.8495
305400 7.8147
305500 7.8891
305600 7.9293
305700 7.9715
305800 7.8780
305900 7.9547
306000 7.9113
306100 8.0329
306200 7.8167
306300 8.0194
306400 7.8012
306500 7.8803
306600 7.7903
306700 7.7785
306800 7.6738
306900 7.7189
307000 7.9950
307100 7.9021
307200 7.7853
307300 7.8681
307400 7.7392
307500 7.8372
307600 7.8784
307700 7.7651
307800 7.8762
307900 7.8845
308000 7.8251
308100 8.1227
308200 7.9195
308300 7.8764
308400 8.0511
308500 7.9762
308600 8.0331
308700 8.0337
308800 8.0420
308900 8.0219
309000 7.9317
309100 7.9266
309200 7.9611
309300 8.1231
309400 8.0856
309500 7.8858
309600 7.7385
309700 7.9667
309800 7.9660
309900 7.8754
310000 7.7239
310100 7.7945
310200 7.9217
310300 7.9355
310400 7.9172
310500 7.8943
310600 7.9321
310700 7.9078
310800 8.0389
310900 7.7611
311000 7.7884
311100 7.9611
311200 7.8302
311300 7.9794
311400 7.9358
311500 8.2450
311600 7.9319
311700 8.0647
311800 7.9608
311900 7.8721
312000 7.8099
312100 7.8690
312200 7.7893
312300 7.6029
312400 7.8920
312500 7.7072
312600 7.7751
312700 7.7920
312800 8.0138
312900 7.9921
313000 7.6980
313100 7.9389
313200 7.8853
313300 7.8240
313400 7.8914
313500 7.9643
313600 7.9517
313700 7.9526
313800 7.8010
313900 8.1077
314000 7.9873
314100 7.8692
314200 8.3388
314300 8.0061
314400 7.8570
314500 8.0557
314600 7.9391
314700 7.8667
314800 7.8670
314900 7.6050
315000 7.8077
315100 7.8465
315200 7.7798
315300 8.0143
315400 7.8817
315500 7.9072
315600 7.9255
315700 7.7983
315800 7.7297
315900 7.8726
316000 7.7817
316100 7.7205
316200 7.8586
316300 7.6465
316400 7.6589
316500 7.7987
316600 7.7844
316700 8.0928
316800 8.0794
316900 8.0146
317000 7.9347
317100 7.8545
317200 7.9602
317300 7.9832
317400 7.9014
317500 7.7774
317600 7.8071
317700 7.8757
317800 7.7920
317900 7.8998
318000 8.0429
318100 7.9257
318200 7.9401
318300 8.0445
318400 8.0678
318500 8.1244
318600 7.8954
318700 8.0417
318800 7.9485
318900 8.0725
319000 8.1513
319100 8.0864
319200 7.9186
319300 7.8691
319400 7.9987
319500 8.1547
319600 8.0253
319700 7.7843
319800 7.7706
319900 8.0198
320000 8.0047
320100 8.1072
320200 8.0618
320300 8.0170
320400 7.8970
320500 7.9341
320600 8.0712
320700 8.0116
320800 8.0326
320900 8.1720
321000 8.0385
321100 8.2373
321200 8.0961
321300 8.0443
321400 8.0068
321500 8.0651
321600 8.2613
321700 8.2478
321800 8.1240
321900 7.9896
322000 7.9730
322100 8.0206
322200 8.0204
322300 7.9678
322400 7.8123
322500 8.0036
322600 7.7714
322700 7.9576
322800 8.2037
322900 7.9270
323000 8.1454
323100 7.8873
323200 7.9001
323300 7.8800
323400 7.8998
323500 7.8825
323600 7.9279
323700 8.0089
323800 8.3659
323900 8.0802
324000 7.9994
324100 8.0415
324200 7.9773
324300 8.0713
324400 7.9184
324500 8.0124
324600 8.2188
324700 8.1085
324800 7.9580
324900 8.2305
325000 7.9797
325100 8.1648
325200 7.9104
325300 7.9165
325400 7.9968
325500 7.8629
325600 8.0580
325700 7.9572
325800 8.0238
325900 8.0608
326000 8.0209
326100 7.8570
326200 7.9995
326300 7.9651
326400 7.8704
326500 8.0586
326600 7.9360
326700 8.0446
326800 7.9336
326900 7.9406
327000 8.0662
327100 7.9435
327200 7.8554
327300 7.7730
327400 7.7737
327500 7.8239
327600 7.7894
327700 7.6307
327800 7.7581
327900 7.7793
328000 7.9946
328100 7.8439
328200 8.0242
328300 7.9094
328400 8.0002
328500 7.8057
328600 7.7921
328700 7.8784
328800 7.8835
328900 7.8354
329000 7.8870
329100 7.9595
329200 7.9807
329300 7.8062
329400 7.8418
329500 7.8972
329600 7.8568
329700 8.0519
329800 7.7640
329900 7.9233
330000 7.8745
330100 8.0182
330200 7.8924
330300 8.0104
330400 7.8379
330500 7.9086
330600 7.8276
330700 8.0792
330800 8.1668
330900 8.0601
331000 8.0231
331100 8.0287
331200 7.9536
331300 7.8957
331400 7.9489
331500 7.8625
331600 7.7386
331700 7.9912
331800 7.9834
331900 7.8192
332000 7.9202
332100 7.8552
332200 7.8267
332300 7.8622
332400 8.0062
332500 7.8948
332600 7.9494
332700 8.0577
332800 7.8296
332900 7.7520
333000 7.6882
333100 7.8417
333200 7.8007
333300 7.7155
333400 7.6835
333500 7.8467
333600 7.7301
333700 7.7867
333800 7.9434
333900 7.8765
334000 7.9455
334100 7.6150
334200 7.4836
334300 7.6183
334400 7.7798
334500 7.6924
334600 7.6036
334700 7.5495
334800 7.6205
334900 7.8367
335000 7.7978
335100 7.6684
335200 7.8054
335300 7.7639
335400 7.8334
335500 7.9472
335600 8.0119
335700 8.0290
335800 7.8895
335900 7.8645
336000 7.7515
336100 7.6636
336200 7.7760
336300 7.6997
336400 7.6768
336500 7.6926
336600 7.6765
336700 7.8196
336800 7.7821
336900 7.7345
337000 7.8008
337100 7.8870
337200 7.7232
337300 7.6542
337400 7.5769
337500 7.7522
337600 7.9306
337700 7.8559
337800 7.6578
337900 7.5909
338000 7.6848
338100 7.6256
338200 7.6241
338300 7.8482
338400 7.5943
338500 7.5154
338600 7.6945
338700 7.9180
338800 7.8455
338900 7.7705
339000 7.6566
339100 7.7140
339200 8.0881
339300 7.7118
339400 7.8818
339500 7.9680
339600 7.7875
339700 7.7426
339800 7.6873
339900 7.8257
340000 7.7506
340100 7.7578
340200 7.9630
340300 7.7523
340400 7.5739
340500 7.6621
340600 7.5532
340700 7.5532
340800 7.6261
340900 7.5861
341000 7.6861
341100 7.5938
341200 7.6964
341300 7.5373
341400 7.4252
341500 7.5908
341600 7.7980
341700 7.6623
341800 7.7983
341900 7.6926
342000 7.9024
342100 7.7070
342200 7.6710
342300 7.7914
342400 7.5593
342500 7.7243
342600 7.8486
342700 7.6775
342800 7.7760
342900 8.0477
343000 7.6993
343100 7.7772
343200 7.7514
343300 7.6401
343400 7.8635
343500 7.7233
343600 7.5861
343700 7.5226
343800 7.4192
343900 7.7156
344000 7.6467
344100 7.5231
344200 7.4907
344300 7.6916
344400 7.6823
344500 7.6006
344600 7.6268
344700 7.5729
344800 7.3993
344900 7.5627
345000 7.6481
345100 7.4969
345200 7.4656
345300 7.3749
345400 7.4270
345500 7.6573
345600 7.4888
345700 7.6268
345800 7.5454
345900 7.3789
346000 7.4701
346100 7.7237
346200 7.6200
346300 7.6275
346400 7.5907
346500 7.5303
346600 7.5679
346700 7.6301
346800 7.5724
346900 7.8383
347000 7.5366
347100 7.3739
347200 7.4434
347300 7.6199
347400 7.4585
347500 7.6880
347600 7.8722
347700 7.6454
347800 7.5751
347900 7.5471
348000 7.6480
348100 7.6396
348200 7.8616
348300 7.7338
348400 7.7860
348500 7.7497
348600 7.6774
348700 7.7194
348800 7.6436
348900 7.8408
349000 7.7042
349100 7.5080
349200 7.7603
349300 7.7674
349400 7.5613
349500 7.7557
349600 7.7899
349700 7.4252
349800 7.3797
349900 7.4961
350000 7.5218
350100 7.3965
350200 7.4371
350300 7.4295
350400 7.5232
350500 7.4263
350600 7.4652
350700 7.4572
350800 7.6181
350900 7.5001
351000 7.4949
351100 7.6414
